50 0.020408
0.000000 0.095809
0.020408 0.264657
0.040816 0.432081
0.061224 0.607157
0.081633 0.778038
0.102041 0.921779
0.122449 1.025379
0.142857 1.116733
0.163265 1.196173
0.183673 1.255545
0.204082 1.292919
0.224490 1.315502
0.244898 1.323113
0.265306 1.309186
0.285714 1.275921
0.306122 1.234479
0.326531 1.154301
0.346939 1.043550
0.367347 0.908945
0.387755 0.790527
0.408163 0.707865
0.428571 0.663706
0.448980 0.632408
0.469388 0.621706
0.489796 0.619107
0.510204 0.626563
0.530612 0.666189
0.551020 0.735330
0.571429 0.852386
0.591837 1.005651
0.612245 1.141088
0.632653 1.256026
0.653061 1.334304
0.673469 1.380665
0.693878 1.415314
0.714286 1.435775
0.734694 1.443286
0.755102 1.436453
0.775510 1.417392
0.795918 1.388369
0.816327 1.350561
0.836735 1.261332
0.857143 1.141530
0.877551 1.022677
0.897959 0.938395
0.918367 0.855957
0.938776 0.771847
0.959184 0.684218
0.979592 0.621138
1.000000 0.557744
