50 11.489796
5.000000 28.000000
16.489796 77.345596
27.979591 126.274971
39.469387 177.440826
50.959183 227.380630
62.448978 269.388855
73.938774 299.665558
85.428574 326.363739
96.918365 349.580139
108.408157 366.931244
119.897957 377.854034
131.387756 384.453613
142.877548 386.678192
154.367340 382.607788
165.857147 372.886292
177.346939 360.774933
188.836731 337.342987
200.326523 304.976166
211.816315 265.637848
223.306122 231.030487
234.795914 206.872665
246.285706 193.967117
257.775513 184.820541
269.265289 181.692749
280.755096 180.933075
292.244904 183.112167
303.734680 194.692932
315.224487 214.899170
326.714294 249.108826
338.204071 293.900269
349.693878 333.481384
361.183655 367.072052
372.673462 389.948669
384.163269 403.497406
395.653046 413.623657
407.142853 419.603485
418.632629 421.798340
430.122437 419.801483
441.612244 414.231018
453.102020 405.749176
464.591827 394.699585
476.081635 368.622498
487.571411 333.610748
499.061218 298.875946
510.551025 274.244659
522.040833 250.152435
533.530579 225.571320
545.020386 199.961929
556.510193 181.526901
568.000000 163.000015
