500 0.002004
0.000000 0.065443
0.002004 0.074713
0.004008 0.086735
0.006012 0.100995
0.008016 0.116978
0.010020 0.134168
0.012024 0.152051
0.014028 0.170112
0.016032 0.187837
0.018036 0.206670
0.020040 0.231542
0.022044 0.257418
0.024048 0.283711
0.026052 0.309829
0.028056 0.335184
0.030060 0.361686
0.032064 0.400482
0.034068 0.437233
0.036072 0.473662
0.038076 0.511108
0.040080 0.548916
0.042084 0.586448
0.044088 0.623098
0.046092 0.657481
0.048096 0.691158
0.050100 0.727001
0.052104 0.751239
0.054108 0.769358
0.056112 0.788715
0.058116 0.808665
0.060120 0.828565
0.062124 0.847771
0.064128 0.865640
0.066132 0.881529
0.068136 0.894793
0.070140 0.915755
0.072144 0.927436
0.074148 0.935268
0.076152 0.941720
0.078156 0.944346
0.080160 0.947326
0.082164 0.950571
0.084168 0.953992
0.086172 0.957498
0.088176 0.961000
0.090180 0.964409
0.092184 0.967635
0.094188 0.970587
0.096192 0.973177
0.098196 0.975315
0.100200 0.976912
0.102204 0.977877
0.104208 0.978120
0.106212 0.977554
0.108216 0.976087
0.110220 0.973630
0.112224 0.966683
0.114228 0.956461
0.116232 0.943666
0.118236 0.928865
0.120240 0.912623
0.122244 0.895508
0.124248 0.878086
0.126253 0.860922
0.128257 0.844584
0.130261 0.826675
0.132265 0.802536
0.134269 0.777755
0.136273 0.753085
0.138277 0.729275
0.140281 0.707075
0.142285 0.684479
0.144289 0.659926
0.146293 0.639210
0.148297 0.611701
0.150301 0.585294
0.152305 0.558528
0.154309 0.528435
0.156313 0.497169
0.158317 0.466884
0.160321 0.439734
0.162325 0.417876
0.164329 0.391447
0.166333 0.381426
0.168337 0.370772
0.170341 0.355605
0.172345 0.339295
0.174349 0.324141
0.176353 0.314802
0.178357 0.308129
0.180361 0.301934
0.182365 0.296378
0.184369 0.291620
0.186373 0.287822
0.188377 0.284769
0.190381 0.283261
0.192385 0.283446
0.194389 0.284736
0.196393 0.286438
0.198397 0.287396
0.200401 0.288354
0.202405 0.289489
0.204409 0.290976
0.206413 0.292993
0.208417 0.295715
0.210421 0.299320
0.212425 0.304338
0.214429 0.311405
0.216433 0.319548
0.218437 0.328929
0.220441 0.339708
0.222445 0.352047
0.224449 0.366114
0.226453 0.382484
0.228457 0.400963
0.230461 0.420906
0.232465 0.441672
0.234469 0.462617
0.236473 0.483173
0.238477 0.507044
0.240481 0.531520
0.242485 0.556177
0.244489 0.580589
0.246493 0.604330
0.248497 0.635637
0.250501 0.667963
0.252505 0.700168
0.254509 0.733800
0.256513 0.770690
0.258517 0.807738
0.260521 0.840635
0.262525 0.881176
0.264529 0.917882
0.266533 0.957068
0.268537 1.007707
0.270541 1.066884
0.272545 1.125918
0.274549 1.174062
0.276553 1.207945
0.278557 1.231100
0.280561 1.251838
0.282565 1.275748
0.284569 1.304226
0.286573 1.333047
0.288577 1.364809
0.290581 1.399950
0.292585 1.432280
0.294589 1.468487
0.296593 1.503014
0.298597 1.524751
0.300601 1.548792
0.302605 1.573476
0.304609 1.597142
0.306613 1.618127
0.308617 1.638233
0.310621 1.658728
0.312625 1.672586
0.314629 1.687233
0.316633 1.699731
0.318637 1.713411
0.320641 1.727148
0.322645 1.739817
0.324649 1.750292
0.326653 1.759231
0.328657 1.763727
0.330661 1.764610
0.332665 1.766764
0.334669 1.769461
0.336673 1.772900
0.338677 1.776755
0.340681 1.780598
0.342685 1.784000
0.344689 1.786533
0.346693 1.787768
0.348697 1.787263
0.350701 1.784805
0.352705 1.780826
0.354709 1.775540
0.356713 1.769163
0.358717 1.761911
0.360721 1.753998
0.362725 1.744760
0.364729 1.725570
0.366733 1.703312
0.368737 1.678848
0.370741 1.647086
0.372745 1.608175
0.374749 1.567189
0.376754 1.524261
0.378758 1.479849
0.380762 1.405293
0.382766 1.289408
0.384770 1.220138
0.386774 1.177270
0.388778 1.132709
0.390782 1.094115
0.392786 1.076393
0.394790 1.058197
0.396794 1.040105
0.398798 1.022699
0.400802 1.006558
0.402806 0.992262
0.404810 0.980392
0.406814 0.969279
0.408818 0.960207
0.410822 0.960563
0.412826 0.967185
0.414830 0.970998
0.416834 0.972796
0.418838 0.974384
0.420842 0.975964
0.422846 0.977739
0.424850 0.979910
0.426854 0.982679
0.428858 0.986248
0.430862 0.990820
0.432866 0.996595
0.434870 1.003777
0.436874 1.012567
0.438878 1.023168
0.440882 1.035780
0.442886 1.048349
0.444890 1.062286
0.446894 1.077998
0.448898 1.095255
0.450902 1.113826
0.452906 1.133482
0.454910 1.153993
0.456914 1.175129
0.458918 1.196661
0.460922 1.218358
0.462926 1.239991
0.464930 1.261330
0.466934 1.282145
0.468938 1.302207
0.470942 1.321285
0.472946 1.339150
0.474950 1.355572
0.476954 1.393263
0.478958 1.467282
0.480962 1.524767
0.482966 1.558572
0.484970 1.579131
0.486974 1.596860
0.488978 1.613886
0.490982 1.632336
0.492986 1.650136
0.494990 1.664525
0.496994 1.679751
0.498998 1.695502
0.501002 1.711466
0.503006 1.727330
0.505010 1.742781
0.507014 1.757508
0.509018 1.771196
0.511022 1.849363
0.513026 1.883651
0.515030 1.902007
0.517034 1.927374
0.519038 1.958342
0.521042 1.993416
0.523046 2.025129
0.525050 2.051757
0.527054 2.071515
0.529058 2.091494
0.531062 2.109300
0.533066 2.127751
0.535070 2.147134
0.537074 2.165531
0.539078 2.184007
0.541082 2.202936
0.543086 2.220849
0.545090 2.237029
0.547094 2.252257
0.549098 2.265258
0.551102 2.278328
0.553106 2.290933
0.555110 2.303333
0.557114 2.315831
0.559118 2.327985
0.561122 2.337488
0.563126 2.343471
0.565130 2.349691
0.567134 2.355929
0.569138 2.361963
0.571142 2.367572
0.573146 2.372537
0.575150 2.376637
0.577154 2.379650
0.579158 2.382829
0.581162 2.385781
0.583166 2.385324
0.585170 2.378810
0.587174 2.366141
0.589178 2.355328
0.591182 2.341498
0.593186 2.325468
0.595190 2.308052
0.597194 2.290065
0.599198 2.272322
0.601202 2.255638
0.603206 2.240828
0.605210 2.228707
0.607214 2.198684
0.609218 2.161403
0.611222 2.130768
0.613226 2.097575
0.615230 2.057625
0.617234 2.018814
0.619238 1.983276
0.621242 1.944983
0.623246 1.904828
0.625251 1.864217
0.627255 1.809019
0.629259 1.760519
0.631263 1.737363
0.633267 1.713794
0.635271 1.687459
0.637275 1.656004
0.639279 1.616134
0.641283 1.568886
0.643287 1.519823
0.645291 1.474535
0.647295 1.444213
0.649299 1.422749
0.651303 1.402705
0.653307 1.384189
0.655311 1.367309
0.657315 1.352171
0.659319 1.338884
0.661323 1.309816
0.663327 1.271159
0.665331 1.223190
0.667335 1.199542
0.669339 1.177278
0.671343 1.153661
0.673347 1.128545
0.675351 1.107304
0.677355 1.089354
0.679359 1.070536
0.681363 1.051209
0.683367 1.031734
0.685371 1.012468
0.687375 0.993772
0.689379 0.972593
0.691383 0.949272
0.693387 0.926397
0.695391 0.903969
0.697395 0.881987
0.699399 0.860404
0.701403 0.838691
0.703407 0.817164
0.705411 0.796419
0.707415 0.777052
0.709419 0.759659
0.711423 0.744527
0.713427 0.731229
0.715431 0.719256
0.717435 0.708096
0.719439 0.697238
0.721443 0.683143
0.723447 0.670329
0.725451 0.656960
0.727455 0.643301
0.729459 0.633720
0.731463 0.623385
0.733467 0.612548
0.735471 0.601460
0.737475 0.590373
0.739479 0.579537
0.741483 0.568027
0.743487 0.554592
0.745491 0.541340
0.747495 0.528187
0.749499 0.515048
0.751503 0.502335
0.753507 0.493961
0.755511 0.485086
0.757515 0.475985
0.759519 0.466934
0.761523 0.458208
0.763527 0.450085
0.765531 0.442839
0.767535 0.436745
0.769539 0.430824
0.771543 0.426900
0.773547 0.426457
0.775551 0.426847
0.777555 0.425424
0.779559 0.423487
0.781563 0.421372
0.783567 0.419059
0.785571 0.416547
0.787575 0.413837
0.789579 0.410929
0.791583 0.407822
0.793587 0.404554
0.795591 0.401094
0.797595 0.397110
0.799599 0.392806
0.801603 0.388383
0.803607 0.384044
0.805611 0.379990
0.807615 0.376425
0.809619 0.373550
0.811623 0.370244
0.813627 0.368665
0.815631 0.371154
0.817635 0.374660
0.819639 0.378941
0.821643 0.384552
0.823647 0.391640
0.825651 0.398992
0.827655 0.405366
0.829659 0.412494
0.831663 0.420197
0.833667 0.428295
0.835671 0.436609
0.837675 0.444960
0.839679 0.454325
0.841683 0.465705
0.843687 0.477442
0.845691 0.489366
0.847695 0.501306
0.849699 0.514007
0.851703 0.531558
0.853707 0.549110
0.855711 0.566661
0.857715 0.580378
0.859719 0.592191
0.861723 0.604011
0.863727 0.615753
0.865731 0.627333
0.867735 0.638150
0.869739 0.648952
0.871743 0.660178
0.873747 0.670971
0.875752 0.680473
0.877756 0.687827
0.879760 0.691592
0.881764 0.692563
0.883768 0.693231
0.885772 0.693618
0.887776 0.693742
0.889780 0.693624
0.891784 0.693282
0.893788 0.692738
0.895792 0.692011
0.897796 0.691121
0.899800 0.690088
0.901804 0.688931
0.903808 0.687671
0.905812 0.686327
0.907816 0.684919
0.909820 0.683467
0.911824 0.681990
0.913828 0.680510
0.915832 0.679045
0.917836 0.672606
0.919840 0.664501
0.921844 0.654824
0.923848 0.643429
0.925852 0.629742
0.927856 0.612699
0.929860 0.594211
0.931864 0.576483
0.933868 0.560987
0.935872 0.546292
0.937876 0.533892
0.939880 0.522636
0.941884 0.509782
0.943888 0.497896
0.945892 0.485552
0.947896 0.474596
0.949900 0.461124
0.951904 0.445816
0.953908 0.435882
0.955912 0.424614
0.957916 0.412368
0.959920 0.399495
0.961924 0.386349
0.963928 0.373282
0.965932 0.360648
0.967936 0.347631
0.969940 0.333761
0.971944 0.319735
0.973948 0.305767
0.975952 0.292074
0.977956 0.278871
0.979960 0.266373
0.981964 0.255402
0.983968 0.245101
0.985972 0.235044
0.987976 0.225383
0.989980 0.216269
0.991984 0.207852
0.993988 0.200285
0.995992 0.193718
0.997996 0.178980
1.000000 0.171787
