500 1.144289
7.000000 16.000000
8.144289 18.266466
9.288577 21.205803
10.432865 24.692154
11.577154 28.599657
12.721443 32.802456
13.865731 37.174686
15.010019 41.590488
16.154308 45.924015
17.298597 50.528442
18.442886 56.609226
19.587173 62.935799
20.731462 69.364006
21.875751 75.749687
23.020039 81.948700
24.164328 88.427956
25.308617 97.913261
26.452906 106.898445
27.597195 115.804909
28.741482 124.959854
29.885771 134.203644
31.030060 143.379623
32.174347 152.340210
33.318638 160.746506
34.462925 168.980118
35.607212 177.743362
36.751503 183.669098
37.895790 188.099167
39.040077 192.831619
40.184368 197.709152
41.328655 202.574432
42.472946 207.270126
43.617233 211.638916
44.761520 215.523483
45.905811 218.766495
47.050098 223.891525
48.194389 226.747437
49.338676 228.662140
50.482964 230.239624
51.627254 230.881607
52.771542 231.610260
53.915829 232.403687
55.060120 233.239960
56.204407 234.097183
57.348694 234.953445
58.492985 235.786819
59.637272 236.575409
60.781563 237.297287
61.925850 237.930542
63.070137 238.453262
64.214424 238.843536
65.358719 239.079453
66.503006 239.139099
67.647293 239.000565
68.791580 238.641922
69.935867 238.041275
71.080154 236.342697
72.224449 233.843536
73.368736 230.715363
74.513023 227.096649
75.657310 223.125824
76.801598 218.941391
77.945892 214.681793
79.090179 210.485489
80.234467 206.490952
81.378754 202.112427
82.523041 196.210617
83.667336 190.152176
84.811623 184.120560
85.955910 178.299240
87.100197 172.871674
88.244484 167.347214
89.388779 161.344299
90.533066 156.279388
91.677353 149.553772
92.821640 143.097504
93.965927 136.553680
95.110214 129.196259
96.254509 121.551994
97.398796 114.147644
98.543083 107.509964
99.687370 102.165710
100.831657 95.704308
101.975952 93.254204
103.120239 90.649460
104.264526 86.941200
105.408813 82.953644
106.553101 79.248665
107.697388 76.965324
108.841682 75.334015
109.985970 73.819435
111.130257 72.460884
112.274544 71.297684
113.418831 70.369148
114.563126 69.622749
115.707413 69.254089
116.851700 69.299316
117.995987 69.614586
119.140274 70.030823
120.284569 70.265076
121.428856 70.499290
122.573143 70.776627
123.717430 71.140236
124.861717 71.633286
126.006012 72.298943
127.150299 73.180367
128.294586 74.406990
129.438873 76.134796
130.583160 78.125809
131.727448 80.419357
132.871735 83.054756
134.016022 86.071304
135.160309 89.510597
136.304611 93.512894
137.448898 98.030685
138.593185 102.906700
139.737473 107.983696
140.881760 113.104401
142.026047 118.130302
143.170334 123.966293
144.314621 129.950470
145.458908 135.978775
146.603195 141.947174
147.747498 147.751602
148.891785 155.405762
150.036072 163.309311
151.180359 171.183029
152.324646 179.405655
153.468933 188.424637
154.613220 197.482452
155.757507 205.525589
156.901794 215.437332
158.046082 224.411423
159.190369 233.992096
160.334671 246.372543
161.478958 260.840851
162.623245 275.273895
163.767532 287.044617
164.911819 295.328552
166.056107 300.989594
167.200394 306.059906
168.344681 311.905609
169.488968 318.868134
170.633255 325.914612
171.777557 333.679962
172.921844 342.271637
174.066132 350.175903
175.210419 359.027954
176.354706 367.469421
177.498993 372.783813
178.643280 378.661652
179.787567 384.696655
180.931854 390.482605
182.076141 395.613220
183.220428 400.529053
184.364731 405.539703
185.509018 408.927826
186.653305 412.508972
187.797592 415.564423
188.941879 418.909058
190.086166 422.267639
191.230453 425.365021
192.374741 427.925995
193.519028 430.111633
194.663315 431.210754
195.807602 431.426636
196.951904 431.953247
198.096191 432.612762
199.240479 433.453369
200.384766 434.395874
201.529053 435.335480
202.673340 436.167328
203.817627 436.786621
204.961914 437.088531
206.106201 436.964966
207.250488 436.364136
208.394775 435.391205
209.539078 434.098877
210.683365 432.539825
211.827652 430.766724
212.971939 428.832214
214.116226 426.573639
215.260513 421.881744
216.404800 416.439880
217.549088 410.458801
218.693375 402.693359
219.837662 393.180023
220.981964 383.159393
222.126251 372.664032
223.270538 361.805817
224.414825 343.577728
225.559113 315.245270
226.703400 298.309601
227.847687 287.828796
228.991974 276.934235
230.136261 267.498444
231.280548 263.165680
232.424835 258.716797
233.569138 254.293640
234.713425 250.037994
235.857712 246.091705
237.001999 242.596573
238.146286 239.694412
239.290573 236.977463
240.434860 234.759567
241.579147 234.846420
242.723434 236.465424
243.867722 237.397751
245.012024 237.837265
246.156311 238.225525
247.300598 238.611893
248.444885 239.045761
249.589172 239.576508
250.733459 240.253525
251.877747 241.126175
253.022034 242.243866
254.166321 243.655975
255.310608 245.411880
256.454895 247.560959
257.599182 250.152603
258.743469 253.236206
259.887756 256.309052
261.032043 259.716614
262.176331 263.558014
263.320618 267.777008
264.464935 272.317444
265.609222 277.123077
266.753510 282.137787
267.897797 287.305389
269.042084 292.569641
270.186371 297.874359
271.330658 303.163422
272.474945 308.380585
273.619232 313.469666
274.763519 318.374481
275.907806 323.038849
277.052094 327.406616
278.196381 331.421539
279.340668 340.636627
280.484955 358.733490
281.629242 372.787872
282.773529 381.052826
283.917816 386.079285
285.062103 390.413696
286.206390 394.576294
287.350677 399.087311
288.494995 403.439056
289.639282 406.956940
290.783569 410.679596
291.927856 414.530640
293.072144 418.433624
294.216431 422.312134
295.360718 426.089813
296.505005 429.690186
297.649292 433.036835
298.793579 452.147766
299.937866 460.530884
301.082153 465.018646
302.226440 471.220642
303.370728 478.791779
304.515015 487.367096
305.659302 495.120544
306.803589 501.630859
307.947876 506.461365
309.092163 511.345917
310.236450 515.699280
311.380737 520.210388
312.525055 524.949402
313.669342 529.447144
314.813629 533.964233
315.957916 538.592285
317.102203 542.971680
318.246490 546.927551
319.390778 550.650696
320.535065 553.829163
321.679352 557.024841
322.823639 560.106628
323.967926 563.138184
325.112213 566.193665
326.256500 569.165283
327.400787 571.488586
328.545074 572.951355
329.689362 574.472168
330.833649 575.997192
331.977936 577.472412
333.122223 578.843933
334.266510 580.057800
335.410797 581.060059
336.555115 581.796814
337.699402 582.574036
338.843689 583.295654
339.987976 583.183899
341.132263 581.591492
342.276550 578.494019
343.420837 575.850281
344.565125 572.469177
345.709412 568.549988
346.853699 564.291931
347.997986 559.894287
349.142273 555.556335
350.286560 551.477234
351.430847 547.856323
352.575134 544.892883
353.719421 537.552612
354.863708 528.437927
356.007996 520.947937
357.152283 512.832825
358.296570 503.065521
359.440857 493.576508
360.585144 484.888031
361.729462 475.525665
362.873749 465.708435
364.018036 455.779449
365.162323 442.284180
366.306610 430.426392
367.450897 424.765106
368.595184 419.002838
369.739471 412.564209
370.883759 404.873840
372.028046 395.126038
373.172333 383.574402
374.316620 371.579071
375.460907 360.506592
376.605194 353.093231
377.749481 347.845612
378.893768 342.945160
380.038055 338.418182
381.182343 334.291077
382.326630 330.590118
383.470917 327.341644
384.615204 320.234802
385.759521 310.783508
386.903809 299.055725
388.048096 293.273987
389.192383 287.830750
390.336670 282.056763
391.480957 275.916046
392.625244 270.723053
393.769531 266.334320
394.913818 261.733521
396.058105 257.008453
397.202393 252.246948
398.346680 247.536758
399.490967 242.965714
400.635254 237.787582
401.779541 232.085922
402.923828 226.493378
404.068115 221.009949
405.212402 215.635620
406.356689 210.358795
407.500977 205.050095
408.645264 199.787003
409.789551 194.715164
410.933868 189.980255
412.078156 185.727844
413.222443 182.028198
414.366730 178.777100
415.511017 175.849716
416.655304 173.121185
417.799591 170.466629
418.943878 167.020508
420.088165 163.887772
421.232452 160.619064
422.376740 157.279556
423.521027 154.937164
424.665314 152.410477
425.809601 149.760956
426.953888 147.050064
428.098175 144.339264
429.242462 141.689987
430.386749 138.875977
431.531036 135.591248
432.675323 132.351425
433.819611 129.135696
434.963928 125.923241
436.108215 122.815186
437.252502 120.767845
438.396790 118.597900
439.541077 116.372765
440.685364 114.159866
441.829651 112.026642
442.973938 110.040497
444.118225 108.268875
445.262512 106.779190
446.406799 105.331451
447.551086 104.372124
448.695374 104.263809
449.839661 104.359238
450.983948 104.011124
452.128235 103.537666
453.272522 103.020599
454.416809 102.455040
455.561096 101.840981
456.705383 101.178429
457.849670 100.467377
458.993988 99.707832
460.138275 98.908806
461.282562 98.062798
462.426849 97.088898
463.571136 96.036545
464.715424 94.955185
465.859711 93.894257
467.003998 92.903221
468.148285 92.031509
469.292572 91.328568
470.436859 90.520462
471.581146 90.134300
472.725433 90.742958
473.869720 91.600105
475.014008 92.646713
476.158295 94.018478
477.302582 95.751389
478.446869 97.548958
479.591156 99.107201
480.735443 100.849915
481.879730 102.733208
483.024048 104.713181
484.168335 106.745934
485.312622 108.787575
486.456909 111.077255
487.601196 113.859528
488.745483 116.729057
489.889771 119.644218
491.034058 122.563385
492.178345 125.668777
493.322632 129.959854
494.466919 134.250946
495.611206 138.542023
496.755493 141.895660
497.899780 144.783722
499.044067 147.673584
500.188354 150.544464
501.332642 153.375549
502.476929 156.020233
503.621216 158.661163
504.765503 161.405869
505.909790 164.044662
507.054077 166.367859
508.198395 168.165787
509.342682 169.086166
510.486969 169.323532
511.631256 169.487030
512.775513 169.581528
513.919800 169.611862
515.064087 169.582901
516.208374 169.499496
517.352661 169.366501
518.496948 169.188766
519.641235 168.971146
520.785583 168.718491
521.929871 168.435669
523.074158 168.127518
524.218445 167.798889
525.362732 167.454651
526.507019 167.099655
527.651306 166.738754
528.795593 166.376785
529.939880 166.018631
531.084167 164.444458
532.228455 162.462845
533.372742 160.096954
534.517029 157.310822
535.661316 153.964523
536.805603 149.797852
537.949890 145.277649
539.094177 140.943344
540.238464 137.154709
541.382751 133.562164
542.527039 130.530350
543.671326 127.778336
544.815613 124.635735
545.959900 121.729790
547.104187 118.711754
548.248474 116.033295
549.392761 112.739380
550.537048 108.996872
551.681335 106.567978
552.825623 103.813293
553.969910 100.819145
555.114197 97.671844
556.258484 94.457726
557.402771 91.263107
558.547058 88.174309
559.691345 84.991859
560.835632 81.600792
561.979919 78.171463
563.124207 74.756561
564.268494 71.408760
565.412781 68.180725
566.557068 65.125145
567.701355 62.442787
568.845703 59.924377
569.989990 57.465641
571.134277 55.103569
572.278564 52.875164
573.422852 50.817417
574.567139 48.967323
575.711426 47.361881
576.855713 43.758575
578.000000 42.000023
